{
 "metadata": {
  "name": "",
  "signature": "sha256:aa07a782fc58700b475e6a50658697208bb01fe338a76d184186b971de19143f"
 },
 "nbformat": 3,
 "nbformat_minor": 0,
 "worksheets": [
  {
   "cells": [
    {
     "cell_type": "code",
     "collapsed": false,
     "input": [
      "import pytz\n",
      "from datetime import datetime\n",
      "import pandas as pd\n",
      "import numpy as np\n",
      "\n",
      "import zipline\n",
      "from zipline.algorithm import TradingAlgorithm\n",
      "from zipline.utils.factory import load_bars_from_yahoo\n",
      "from zipline.api import order, record, symbol"
     ],
     "language": "python",
     "metadata": {},
     "outputs": [],
     "prompt_number": 2
    },
    {
     "cell_type": "code",
     "collapsed": false,
     "input": [
      "%pylab inline\n",
      "#Get Data\n",
      "start = pd.Timestamp('2008-05-04')\n",
      "end = start + pd.DateOffset(years=5)\n",
      "\n",
      "\n",
      "#Indexes = ['^RUT','^GSPC','EWZ','^STOXX50E','^HSI','^FTSE','^N225']\n",
      "stocks = ['JCP','ANF','BBY','WHR','YUM','JNJ','DAL','UAL','AEO','GME','ATVI','HTZ','ODP','EA','UA']\n",
      "indData= pd.io.data.DataReader(stocks, 'google', start, end).Close"
     ],
     "language": "python",
     "metadata": {},
     "outputs": [
      {
       "output_type": "stream",
       "stream": "stdout",
       "text": [
        "Populating the interactive namespace from numpy and matplotlib\n"
       ]
      },
      {
       "ename": "NameError",
       "evalue": "name 'pd' is not defined",
       "output_type": "pyerr",
       "traceback": [
        "\u001b[1;31m---------------------------------------------------------------------------\u001b[0m\n\u001b[1;31mNameError\u001b[0m                                 Traceback (most recent call last)",
        "\u001b[1;32m<ipython-input-1-1d195529b402>\u001b[0m in \u001b[0;36m<module>\u001b[1;34m()\u001b[0m\n\u001b[0;32m      1\u001b[0m \u001b[0mget_ipython\u001b[0m\u001b[1;33m(\u001b[0m\u001b[1;33m)\u001b[0m\u001b[1;33m.\u001b[0m\u001b[0mmagic\u001b[0m\u001b[1;33m(\u001b[0m\u001b[1;34mu'pylab inline'\u001b[0m\u001b[1;33m)\u001b[0m\u001b[1;33m\u001b[0m\u001b[0m\n\u001b[0;32m      2\u001b[0m \u001b[1;31m#Get Data\u001b[0m\u001b[1;33m\u001b[0m\u001b[1;33m\u001b[0m\u001b[0m\n\u001b[1;32m----> 3\u001b[1;33m \u001b[0mstart\u001b[0m \u001b[1;33m=\u001b[0m \u001b[0mpd\u001b[0m\u001b[1;33m.\u001b[0m\u001b[0mTimestamp\u001b[0m\u001b[1;33m(\u001b[0m\u001b[1;34m'2008-05-04'\u001b[0m\u001b[1;33m)\u001b[0m\u001b[1;33m\u001b[0m\u001b[0m\n\u001b[0m\u001b[0;32m      4\u001b[0m \u001b[0mend\u001b[0m \u001b[1;33m=\u001b[0m \u001b[0mstart\u001b[0m \u001b[1;33m+\u001b[0m \u001b[0mpd\u001b[0m\u001b[1;33m.\u001b[0m\u001b[0mDateOffset\u001b[0m\u001b[1;33m(\u001b[0m\u001b[0myears\u001b[0m\u001b[1;33m=\u001b[0m\u001b[1;36m5\u001b[0m\u001b[1;33m)\u001b[0m\u001b[1;33m\u001b[0m\u001b[0m\n\u001b[0;32m      5\u001b[0m \u001b[1;33m\u001b[0m\u001b[0m\n",
        "\u001b[1;31mNameError\u001b[0m: name 'pd' is not defined"
       ]
      }
     ],
     "prompt_number": 1
    },
    {
     "cell_type": "code",
     "collapsed": false,
     "input": [
      "#Running Correlation 1Y moving Window\n",
      "Correlation = []\n",
      "inRets = indData[:-1].values / indData[1:] -1\n",
      "iMax = len(inRets)\n",
      "jMax = len(inRets.columns)\n",
      "percentile = 80\n",
      "dLag = 125\n",
      "Carrier = np.zeros([iMax-dLag,jMax,jMax])\n",
      "for i in xrange(0,iMax-dLag):\n",
      "    Carrier[i,:,:]=indData[i:i+dLag].corr().as_matrix()\n",
      "#Build a new Correlation matrix with the 90s Quantile of all our Correlations\n",
      "percentile = 80\n",
      "adjCorrelation = np.zeros([jMax,jMax])\n",
      "for i in range(0,jMax):\n",
      "    for j in range(0,jMax):\n",
      "        adjCorrelation[i,j] =np.percentile(Carrier[:,i,j],percentile)"
     ],
     "language": "python",
     "metadata": {},
     "outputs": [],
     "prompt_number": 47
    },
    {
     "cell_type": "code",
     "collapsed": false,
     "input": [
      "Corrl = pd.DataFrame(adjCorrelation,columns=stocks,index=stocks)\n",
      "Corrl"
     ],
     "language": "python",
     "metadata": {},
     "outputs": [
      {
       "html": [
        "<div style=\"max-height:1000px;max-width:1500px;overflow:auto;\">\n",
        "<table border=\"1\" class=\"dataframe\">\n",
        "  <thead>\n",
        "    <tr style=\"text-align: right;\">\n",
        "      <th></th>\n",
        "      <th>JCP</th>\n",
        "      <th>ANF</th>\n",
        "      <th>BBY</th>\n",
        "      <th>WHR</th>\n",
        "      <th>YUM</th>\n",
        "      <th>JNJ</th>\n",
        "      <th>DAL</th>\n",
        "      <th>UAL</th>\n",
        "      <th>AEO</th>\n",
        "      <th>GME</th>\n",
        "      <th>ATVI</th>\n",
        "      <th>HTZ</th>\n",
        "      <th>ODP</th>\n",
        "      <th>EA</th>\n",
        "      <th>UA</th>\n",
        "    </tr>\n",
        "  </thead>\n",
        "  <tbody>\n",
        "    <tr>\n",
        "      <th>JCP</th>\n",
        "      <td> 1.000000</td>\n",
        "      <td> 0.822726</td>\n",
        "      <td> 0.545869</td>\n",
        "      <td> 0.836310</td>\n",
        "      <td> 0.578469</td>\n",
        "      <td> 0.794841</td>\n",
        "      <td> 0.596609</td>\n",
        "      <td> 0.730410</td>\n",
        "      <td> 0.890716</td>\n",
        "      <td> 0.825197</td>\n",
        "      <td> 0.829976</td>\n",
        "      <td> 0.815062</td>\n",
        "      <td> 0.548009</td>\n",
        "      <td> 0.727312</td>\n",
        "      <td> 0.787529</td>\n",
        "    </tr>\n",
        "    <tr>\n",
        "      <th>ANF</th>\n",
        "      <td> 0.822726</td>\n",
        "      <td> 1.000000</td>\n",
        "      <td> 0.784874</td>\n",
        "      <td> 0.783365</td>\n",
        "      <td> 0.557988</td>\n",
        "      <td> 0.872798</td>\n",
        "      <td> 0.835453</td>\n",
        "      <td> 0.846807</td>\n",
        "      <td> 0.849625</td>\n",
        "      <td> 0.737991</td>\n",
        "      <td> 0.851638</td>\n",
        "      <td> 0.786515</td>\n",
        "      <td> 0.578271</td>\n",
        "      <td> 0.756793</td>\n",
        "      <td> 0.802800</td>\n",
        "    </tr>\n",
        "    <tr>\n",
        "      <th>BBY</th>\n",
        "      <td> 0.545869</td>\n",
        "      <td> 0.784874</td>\n",
        "      <td> 1.000000</td>\n",
        "      <td> 0.595912</td>\n",
        "      <td> 0.471848</td>\n",
        "      <td> 0.828167</td>\n",
        "      <td> 0.748970</td>\n",
        "      <td> 0.697975</td>\n",
        "      <td> 0.758148</td>\n",
        "      <td> 0.604270</td>\n",
        "      <td> 0.708846</td>\n",
        "      <td> 0.698369</td>\n",
        "      <td> 0.378212</td>\n",
        "      <td> 0.513793</td>\n",
        "      <td> 0.645835</td>\n",
        "    </tr>\n",
        "    <tr>\n",
        "      <th>WHR</th>\n",
        "      <td> 0.836310</td>\n",
        "      <td> 0.783365</td>\n",
        "      <td> 0.595912</td>\n",
        "      <td> 1.000000</td>\n",
        "      <td> 0.743594</td>\n",
        "      <td> 0.793129</td>\n",
        "      <td> 0.856198</td>\n",
        "      <td> 0.766530</td>\n",
        "      <td> 0.844750</td>\n",
        "      <td> 0.784586</td>\n",
        "      <td> 0.831385</td>\n",
        "      <td> 0.669891</td>\n",
        "      <td> 0.684028</td>\n",
        "      <td> 0.738980</td>\n",
        "      <td> 0.701139</td>\n",
        "    </tr>\n",
        "    <tr>\n",
        "      <th>YUM</th>\n",
        "      <td> 0.578469</td>\n",
        "      <td> 0.557988</td>\n",
        "      <td> 0.471848</td>\n",
        "      <td> 0.743594</td>\n",
        "      <td> 1.000000</td>\n",
        "      <td> 0.391286</td>\n",
        "      <td> 0.503862</td>\n",
        "      <td> 0.761414</td>\n",
        "      <td> 0.745538</td>\n",
        "      <td> 0.743333</td>\n",
        "      <td> 0.780908</td>\n",
        "      <td> 0.576280</td>\n",
        "      <td> 0.945092</td>\n",
        "      <td> 0.791555</td>\n",
        "      <td> 0.591983</td>\n",
        "    </tr>\n",
        "    <tr>\n",
        "      <th>JNJ</th>\n",
        "      <td> 0.794841</td>\n",
        "      <td> 0.872798</td>\n",
        "      <td> 0.828167</td>\n",
        "      <td> 0.793129</td>\n",
        "      <td> 0.391286</td>\n",
        "      <td> 1.000000</td>\n",
        "      <td> 0.815327</td>\n",
        "      <td> 0.804044</td>\n",
        "      <td> 0.854302</td>\n",
        "      <td> 0.808982</td>\n",
        "      <td> 0.803463</td>\n",
        "      <td> 0.734638</td>\n",
        "      <td> 0.282603</td>\n",
        "      <td> 0.684863</td>\n",
        "      <td> 0.815257</td>\n",
        "    </tr>\n",
        "    <tr>\n",
        "      <th>DAL</th>\n",
        "      <td> 0.596609</td>\n",
        "      <td> 0.835453</td>\n",
        "      <td> 0.748970</td>\n",
        "      <td> 0.856198</td>\n",
        "      <td> 0.503862</td>\n",
        "      <td> 0.815327</td>\n",
        "      <td> 1.000000</td>\n",
        "      <td> 0.824156</td>\n",
        "      <td> 0.829122</td>\n",
        "      <td> 0.631193</td>\n",
        "      <td> 0.795999</td>\n",
        "      <td> 0.628935</td>\n",
        "      <td> 0.474514</td>\n",
        "      <td> 0.674571</td>\n",
        "      <td> 0.691521</td>\n",
        "    </tr>\n",
        "    <tr>\n",
        "      <th>UAL</th>\n",
        "      <td> 0.730410</td>\n",
        "      <td> 0.846807</td>\n",
        "      <td> 0.697975</td>\n",
        "      <td> 0.766530</td>\n",
        "      <td> 0.761414</td>\n",
        "      <td> 0.804044</td>\n",
        "      <td> 0.824156</td>\n",
        "      <td> 1.000000</td>\n",
        "      <td> 0.867904</td>\n",
        "      <td> 0.802727</td>\n",
        "      <td> 0.873246</td>\n",
        "      <td> 0.781595</td>\n",
        "      <td> 0.691644</td>\n",
        "      <td> 0.883445</td>\n",
        "      <td> 0.854648</td>\n",
        "    </tr>\n",
        "    <tr>\n",
        "      <th>AEO</th>\n",
        "      <td> 0.890716</td>\n",
        "      <td> 0.849625</td>\n",
        "      <td> 0.758148</td>\n",
        "      <td> 0.844750</td>\n",
        "      <td> 0.745538</td>\n",
        "      <td> 0.854302</td>\n",
        "      <td> 0.829122</td>\n",
        "      <td> 0.867904</td>\n",
        "      <td> 1.000000</td>\n",
        "      <td> 0.756040</td>\n",
        "      <td> 0.875389</td>\n",
        "      <td> 0.839167</td>\n",
        "      <td> 0.648109</td>\n",
        "      <td> 0.845988</td>\n",
        "      <td> 0.867232</td>\n",
        "    </tr>\n",
        "    <tr>\n",
        "      <th>GME</th>\n",
        "      <td> 0.825197</td>\n",
        "      <td> 0.737991</td>\n",
        "      <td> 0.604270</td>\n",
        "      <td> 0.784586</td>\n",
        "      <td> 0.743333</td>\n",
        "      <td> 0.808982</td>\n",
        "      <td> 0.631193</td>\n",
        "      <td> 0.802727</td>\n",
        "      <td> 0.756040</td>\n",
        "      <td> 1.000000</td>\n",
        "      <td> 0.784431</td>\n",
        "      <td> 0.637527</td>\n",
        "      <td> 0.753941</td>\n",
        "      <td> 0.823776</td>\n",
        "      <td> 0.792593</td>\n",
        "    </tr>\n",
        "    <tr>\n",
        "      <th>ATVI</th>\n",
        "      <td> 0.829976</td>\n",
        "      <td> 0.851638</td>\n",
        "      <td> 0.708846</td>\n",
        "      <td> 0.831385</td>\n",
        "      <td> 0.780908</td>\n",
        "      <td> 0.803463</td>\n",
        "      <td> 0.795999</td>\n",
        "      <td> 0.873246</td>\n",
        "      <td> 0.875389</td>\n",
        "      <td> 0.784431</td>\n",
        "      <td> 1.000000</td>\n",
        "      <td> 0.840056</td>\n",
        "      <td> 0.678288</td>\n",
        "      <td> 0.911148</td>\n",
        "      <td> 0.778241</td>\n",
        "    </tr>\n",
        "    <tr>\n",
        "      <th>HTZ</th>\n",
        "      <td> 0.815062</td>\n",
        "      <td> 0.786515</td>\n",
        "      <td> 0.698369</td>\n",
        "      <td> 0.669891</td>\n",
        "      <td> 0.576280</td>\n",
        "      <td> 0.734638</td>\n",
        "      <td> 0.628935</td>\n",
        "      <td> 0.781595</td>\n",
        "      <td> 0.839167</td>\n",
        "      <td> 0.637527</td>\n",
        "      <td> 0.840056</td>\n",
        "      <td> 1.000000</td>\n",
        "      <td> 0.663317</td>\n",
        "      <td> 0.838176</td>\n",
        "      <td> 0.884328</td>\n",
        "    </tr>\n",
        "    <tr>\n",
        "      <th>ODP</th>\n",
        "      <td> 0.548009</td>\n",
        "      <td> 0.578271</td>\n",
        "      <td> 0.378212</td>\n",
        "      <td> 0.684028</td>\n",
        "      <td> 0.945092</td>\n",
        "      <td> 0.282603</td>\n",
        "      <td> 0.474514</td>\n",
        "      <td> 0.691644</td>\n",
        "      <td> 0.648109</td>\n",
        "      <td> 0.753941</td>\n",
        "      <td> 0.678288</td>\n",
        "      <td> 0.663317</td>\n",
        "      <td> 1.000000</td>\n",
        "      <td> 0.794889</td>\n",
        "      <td> 0.660556</td>\n",
        "    </tr>\n",
        "    <tr>\n",
        "      <th>EA</th>\n",
        "      <td> 0.727312</td>\n",
        "      <td> 0.756793</td>\n",
        "      <td> 0.513793</td>\n",
        "      <td> 0.738980</td>\n",
        "      <td> 0.791555</td>\n",
        "      <td> 0.684863</td>\n",
        "      <td> 0.674571</td>\n",
        "      <td> 0.883445</td>\n",
        "      <td> 0.845988</td>\n",
        "      <td> 0.823776</td>\n",
        "      <td> 0.911148</td>\n",
        "      <td> 0.838176</td>\n",
        "      <td> 0.794889</td>\n",
        "      <td> 1.000000</td>\n",
        "      <td> 0.788052</td>\n",
        "    </tr>\n",
        "    <tr>\n",
        "      <th>UA</th>\n",
        "      <td> 0.787529</td>\n",
        "      <td> 0.802800</td>\n",
        "      <td> 0.645835</td>\n",
        "      <td> 0.701139</td>\n",
        "      <td> 0.591983</td>\n",
        "      <td> 0.815257</td>\n",
        "      <td> 0.691521</td>\n",
        "      <td> 0.854648</td>\n",
        "      <td> 0.867232</td>\n",
        "      <td> 0.792593</td>\n",
        "      <td> 0.778241</td>\n",
        "      <td> 0.884328</td>\n",
        "      <td> 0.660556</td>\n",
        "      <td> 0.788052</td>\n",
        "      <td> 1.000000</td>\n",
        "    </tr>\n",
        "  </tbody>\n",
        "</table>\n",
        "</div>"
       ],
       "metadata": {},
       "output_type": "pyout",
       "prompt_number": 48,
       "text": [
        "           JCP       ANF       BBY       WHR       YUM       JNJ       DAL  \\\n",
        "JCP   1.000000  0.822726  0.545869  0.836310  0.578469  0.794841  0.596609   \n",
        "ANF   0.822726  1.000000  0.784874  0.783365  0.557988  0.872798  0.835453   \n",
        "BBY   0.545869  0.784874  1.000000  0.595912  0.471848  0.828167  0.748970   \n",
        "WHR   0.836310  0.783365  0.595912  1.000000  0.743594  0.793129  0.856198   \n",
        "YUM   0.578469  0.557988  0.471848  0.743594  1.000000  0.391286  0.503862   \n",
        "JNJ   0.794841  0.872798  0.828167  0.793129  0.391286  1.000000  0.815327   \n",
        "DAL   0.596609  0.835453  0.748970  0.856198  0.503862  0.815327  1.000000   \n",
        "UAL   0.730410  0.846807  0.697975  0.766530  0.761414  0.804044  0.824156   \n",
        "AEO   0.890716  0.849625  0.758148  0.844750  0.745538  0.854302  0.829122   \n",
        "GME   0.825197  0.737991  0.604270  0.784586  0.743333  0.808982  0.631193   \n",
        "ATVI  0.829976  0.851638  0.708846  0.831385  0.780908  0.803463  0.795999   \n",
        "HTZ   0.815062  0.786515  0.698369  0.669891  0.576280  0.734638  0.628935   \n",
        "ODP   0.548009  0.578271  0.378212  0.684028  0.945092  0.282603  0.474514   \n",
        "EA    0.727312  0.756793  0.513793  0.738980  0.791555  0.684863  0.674571   \n",
        "UA    0.787529  0.802800  0.645835  0.701139  0.591983  0.815257  0.691521   \n",
        "\n",
        "           UAL       AEO       GME      ATVI       HTZ       ODP        EA  \\\n",
        "JCP   0.730410  0.890716  0.825197  0.829976  0.815062  0.548009  0.727312   \n",
        "ANF   0.846807  0.849625  0.737991  0.851638  0.786515  0.578271  0.756793   \n",
        "BBY   0.697975  0.758148  0.604270  0.708846  0.698369  0.378212  0.513793   \n",
        "WHR   0.766530  0.844750  0.784586  0.831385  0.669891  0.684028  0.738980   \n",
        "YUM   0.761414  0.745538  0.743333  0.780908  0.576280  0.945092  0.791555   \n",
        "JNJ   0.804044  0.854302  0.808982  0.803463  0.734638  0.282603  0.684863   \n",
        "DAL   0.824156  0.829122  0.631193  0.795999  0.628935  0.474514  0.674571   \n",
        "UAL   1.000000  0.867904  0.802727  0.873246  0.781595  0.691644  0.883445   \n",
        "AEO   0.867904  1.000000  0.756040  0.875389  0.839167  0.648109  0.845988   \n",
        "GME   0.802727  0.756040  1.000000  0.784431  0.637527  0.753941  0.823776   \n",
        "ATVI  0.873246  0.875389  0.784431  1.000000  0.840056  0.678288  0.911148   \n",
        "HTZ   0.781595  0.839167  0.637527  0.840056  1.000000  0.663317  0.838176   \n",
        "ODP   0.691644  0.648109  0.753941  0.678288  0.663317  1.000000  0.794889   \n",
        "EA    0.883445  0.845988  0.823776  0.911148  0.838176  0.794889  1.000000   \n",
        "UA    0.854648  0.867232  0.792593  0.778241  0.884328  0.660556  0.788052   \n",
        "\n",
        "            UA  \n",
        "JCP   0.787529  \n",
        "ANF   0.802800  \n",
        "BBY   0.645835  \n",
        "WHR   0.701139  \n",
        "YUM   0.591983  \n",
        "JNJ   0.815257  \n",
        "DAL   0.691521  \n",
        "UAL   0.854648  \n",
        "AEO   0.867232  \n",
        "GME   0.792593  \n",
        "ATVI  0.778241  \n",
        "HTZ   0.884328  \n",
        "ODP   0.660556  \n",
        "EA    0.788052  \n",
        "UA    1.000000  "
       ]
      }
     ],
     "prompt_number": 48
    },
    {
     "cell_type": "code",
     "collapsed": false,
     "input": [
      "# Build a total correlation Optimizer\n"
     ],
     "language": "python",
     "metadata": {},
     "outputs": [
      {
       "metadata": {},
       "output_type": "pyout",
       "prompt_number": 9,
       "text": [
        "array([[ 0.        ,  0.        ,  0.        ,  0.        ,  0.        ,\n",
        "         0.        ,  0.        ],\n",
        "       [ 0.89557568,  0.        ,  0.        ,  0.        ,  0.        ,\n",
        "         0.        ,  0.        ],\n",
        "       [ 0.86834218,  0.97389704,  0.        ,  0.        ,  0.        ,\n",
        "         0.        ,  0.        ],\n",
        "       [ 0.96399666,  0.89321544,  0.85229922,  0.        ,  0.        ,\n",
        "         0.        ,  0.        ],\n",
        "       [ 0.8183393 ,  0.83131001,  0.85743749,  0.88382178,  0.        ,\n",
        "         0.        ,  0.        ],\n",
        "       [ 0.89629683,  0.96315233,  0.98943411,  0.87974161,  0.90125073,\n",
        "         0.        ,  0.        ],\n",
        "       [ 0.91972248,  0.95629995,  0.97237952,  0.925859  ,  0.86596571,\n",
        "         0.95573212,  0.        ]])"
       ]
      }
     ],
     "prompt_number": 9
    },
    {
     "cell_type": "code",
     "collapsed": false,
     "input": [
      "tst[1,:,:]"
     ],
     "language": "python",
     "metadata": {},
     "outputs": [
      {
       "ename": "NameError",
       "evalue": "name 'tst' is not defined",
       "output_type": "pyerr",
       "traceback": [
        "\u001b[1;31m---------------------------------------------------------------------------\u001b[0m\n\u001b[1;31mNameError\u001b[0m                                 Traceback (most recent call last)",
        "\u001b[1;32m<ipython-input-10-5165ee22bae3>\u001b[0m in \u001b[0;36m<module>\u001b[1;34m()\u001b[0m\n\u001b[1;32m----> 1\u001b[1;33m \u001b[0mtst\u001b[0m\u001b[1;33m[\u001b[0m\u001b[1;36m1\u001b[0m\u001b[1;33m,\u001b[0m\u001b[1;33m:\u001b[0m\u001b[1;33m,\u001b[0m\u001b[1;33m:\u001b[0m\u001b[1;33m]\u001b[0m\u001b[1;33m\u001b[0m\u001b[0m\n\u001b[0m",
        "\u001b[1;31mNameError\u001b[0m: name 'tst' is not defined"
       ]
      }
     ],
     "prompt_number": 10
    },
    {
     "cell_type": "code",
     "collapsed": false,
     "input": [],
     "language": "python",
     "metadata": {},
     "outputs": []
    }
   ],
   "metadata": {}
  }
 ]
}